[cubic_params]
a = -0.15809571
b =  -0.1599871   
c = 1.118307    
d = 0.14988616
err = 2.211693e-3

[scaling_params]
x_const = -1
x_scale = 2/25.0
y_const = 1
y_scale = (229.0 + 9210)/2.0*1e-4

[constants]
hc_constant = 2.20241